
KUOW Public Radio,2016-08-07,26688,414,5402,1,4,0,0,0,0,0,0 
KUOW Public Radio,2016-08-07,26688,414,5402,41,32,0,0,0,1,0,35 
KUOW Public Radio,2016-08-07,26688,414,5402,41,12,3,0,0,2,0,0 
KUOW Public Radio,2016-08-07,26688,414,5402,8,15,2,6,1,1,0,31 
KUOW Public Radio,2016-08-06,26688,414,5402,8,1,0,0,0,0,0,0 
KUOW Public Radio,2016-08-06,26688,414,5402,8,35,2,0,3,0,0,0 
KUOW Public Radio,2016-08-06,26688,414,5402,1,14,1,1,2,1,0,6 
KUOW Public Radio,2016-08-06,26688,414,5402,9,12,0,0,0,4,0,2 
KUOW Public Radio,2016-08-06,26688,414,5402,10,29,2,1,9,1,0,0 
KUOW Public Radio,2016-08-06,26688,414,5402,10,38,0,0,0,1,0,0 
KUOW Public Radio,2016-08-05,26688,414,5402,1,8,0,0,0,0,0,0 
KUOW Public Radio,2016-08-05,26688,414,5402,49,100,22,0,0,0,0,0 
KUOW Public Radio,2016-08-05,26688,414,5402,2,9,1,0,0,0,0,0 
KUOW Public Radio,2016-08-05,26688,414,5402,1,4,0,0,0,0,0,0 
KUOW Public Radio,2016-08-05,26688,414,5402,231,498,59,13,78,2,0,9 
KUOW Public Radio,2016-08-05,26688,414,5402,1,11,0,0,0,0,0,0 
KUOW Public Radio,2016-08-05,26688,414,5402,11,54,5,0,0,0,0,0 
KUOW Public Radio,2016-08-05,26688,414,5402,119,165,30,0,0,0,0,0 
KUOW Public Radio,2016-08-05,26688,414,5402,1,1,0,0,0,0,0,0 
KUOW Public Radio,2016-08-04,26688,414,5402,1,4,0,0,0,0,0,1 
KUOW Public Radio,2016-08-04,26688,414,5402,32,64,5,1,0,0,0,0 
KUOW Public Radio,2016-08-04,26688,414,5402,7,9,0,0,2,0,0,0 
KUOW Public Radio,2016-08-04,26688,414,5402,2,6,1,0,0,0,0,0 
KUOW Public Radio,2016-08-04,26688,414,5402,1,7,0,0,0,0,0,0 
KUOW Public Radio,2016-08-04,26688,414,5402,19,14,1,4,12,2,0,17 
KUOW Public Radio,2016-08-04,26688,414,5402,26,52,6,0,0,0,0,1 
KUOW Public Radio,2016-08-04,26688,414,5402,21,42,0,4,2,1,0,2 
KUOW Public Radio,2016-08-03,26688,414,5402,21,3,0,0,0,0,0,0 
KUOW Public Radio,2016-08-03,26688,414,5402,21,12,0,0,0,0,0,0 
KUOW Public Radio,2016-08-03,26688,414,5402,21,80,9,0,0,0,0,0 
KUOW Public Radio,2016-08-03,26688,414,5402,1,57,4,0,0,0,0,0 
KUOW Public Radio,2016-08-03,26688,414,5402,8,1,0,0,0,6,0,8 
KUOW Public Radio,2016-08-03,26688,414,5402,3,5,0,0,0,0,0,0 
KUOW Public Radio,2016-08-03,26688,414,5402,5,41,0,0,0,0,0,0 
KUOW Public Radio,2016-08-03,26688,414,5402,1,14,0,0,0,0,0,0 
KUOW Public Radio,2016-08-03,26688,414,5402,1,5,0,0,0,0,0,0 
KUOW Public Radio,2016-08-03,26688,414,5402,1,1,0,0,0,0,0,0 
KUOW Public Radio,2016-08-03,26688,414,5402,1,1,0,0,0,0,0,0 
KUOW Public Radio,2016-08-03,26688,414,5402,1,1,0,0,0,0,0,0 
KUOW Public Radio,2016-08-03,26688,414,5402,1,8,0,0,0,0,0,0 
KUOW Public Radio,2016-08-03,26688,414,5402,3,58,6,0,0,0,0,3 
KUOW Public Radio,2016-08-03,26688,414,5402,1,19,0,0,0,0,0,0 
KUOW Public Radio,2016-08-02,26688,414,5402,74,942,94,1,2,0,0,0 
KUOW Public Radio,2016-08-02,26688,414,5402,7,6,0,0,0,10,0,1 
KUOW Public Radio,2016-08-02,26688,414,5402,47,65,4,10,1,0,0,0 
KUOW Public Radio,2016-08-02,26688,414,5402,9,98,3,4,0,1,0,1 
KUOW Public Radio,2016-08-01,26688,414,5402,9,2,0,0,0,0,0,0 
KUOW Public Radio,2016-08-01,26688,414,5402,9,13,0,0,0,0,0,0 
KUOW Public Radio,2016-08-01,26688,414,5402,13,32,1,0,2,0,0,0 
KUOW Public Radio,2016-08-01,26688,414,5402,13,32,1,0,2,0,0,0 
KUOW Public Radio,2016-07-30,26688,414,5402,13,7,1,0,0,0,0,0 
KUOW Public Radio,2016-07-30,26688,414,5402,13,11,0,0,0,0,0,0 
KUOW Public Radio,2016-07-30,26688,414,5402,19,22,0,2,0,9,0,37 
KUOW Public Radio,2016-07-30,26688,414,5402,9,6,0,0,0,23,0,6 
KUOW Public Radio,2016-07-30,26688,414,5402,6,8,0,0,0,0,0,0 
KUOW Public Radio,2016-07-30,26688,414,5402,18,39,4,0,0,6,0,0 
KUOW Public Radio,2016-07-29,26688,414,5402,18,6,0,0,0,0,0,0 
KUOW Public Radio,2016-07-29,26688,414,5402,18,2,0,0,0,0,0,0 
KUOW Public Radio,2016-07-29,26688,414,5402,7,24,0,0,0,0,0,0 
KUOW Public Radio,2016-07-28,26688,414,5402,5,103,15,0,1,0,0,2 
KUOW Public Radio,2016-07-28,26688,414,5402,6,37,9,1,0,3,0,9 
KUOW Public Radio,2016-07-28,26688,414,5402,2,43,4,0,0,0,0,0 
KUOW Public Radio,2016-07-28,26688,414,5402,1,6,0,0,0,0,0,0 
KUOW Public Radio,2016-07-28,26688,414,5402,1,5,0,0,0,0,0,0 
KUOW Public Radio,2016-07-28,26688,414,5402,175,215,40,5,1,1,0,0 
KUOW Public Radio,2016-07-27,26688,414,5402,175,9,0,0,1,0,0,0 
KUOW Public Radio,2016-07-27,26688,414,5402,32,63,4,10,1,92,0,0 
KUOW Public Radio,2016-07-27,26688,414,5402,1,4,0,0,0,1,0,0 
KUOW Public Radio,2016-07-27,26688,414,5402,8,32,3,1,0,0,0,0 
KUOW Public Radio,2016-07-27,26688,414,5402,8,2,1,0,0,0,0,0 
KUOW Public Radio,2016-07-26,26688,414,5402,4,6,0,0,0,2,0,1 
KUOW Public Radio,2016-07-26,26688,414,5402,4,20,1,0,0,3,0,0 
KUOW Public Radio,2016-07-26,26688,414,5402,4,1,0,0,2,0,0,3 
KUOW Public Radio,2016-07-26,26688,414,5402,109,56,1,18,9,1,0,1 
KUOW Public Radio,2016-07-26,26688,414,5402,1,8,0,0,0,5,0,0 
KUOW Public Radio,2016-07-26,26688,414,5402,1,10,0,2,0,0,0,0 
KUOW Public Radio,2016-07-26,26688,414,5402,7,88,30,1,0,0,0,1 
KUOW Public Radio,2016-07-26,26688,414,5402,7,21,0,0,0,0,0,0 
KUOW Public Radio,2016-07-26,26688,414,5402,9,30,2,0,0,6,0,0 
KUOW Public Radio,2016-07-26,26688,414,5402,9,17,1,0,0,0,0,0 
KUOW Public Radio,2016-07-25,26688,414,5402,4,12,0,1,0,2,0,2 
KUOW Public Radio,2016-07-25,26688,414,5402,4,14,0,0,2,1,0,2 
KUOW Public Radio,2016-07-25,26688,414,5402,4,14,0,0,2,1,0,2 
KUOW Public Radio,2016-07-25,26688,414,5402,1,1,0,0,0,0,0,0 
KUOW Public Radio,2016-07-25,26688,414,5402,2,6,0,0,0,0,0,0 
KUOW Public Radio,2016-07-24,26688,414,5402,2,8,1,0,0,0,0,0 
KUOW Public Radio,2016-07-24,26688,414,5402,2,5,0,0,0,0,0,0 
KUOW Public Radio,2016-07-23,26688,414,5402,2,7,0,0,0,0,0,0 
KUOW Public Radio,2016-07-23,26688,414,5402,6,11,0,0,2,1,0,0 
KUOW Public Radio,2016-07-23,26688,414,5402,3,6,0,0,1,0,0,0 
KUOW Public Radio,2016-07-23,26688,414,5402,3,22,3,0,0,0,0,0 
KUOW Public Radio,2016-07-23,26688,414,5402,5,10,0,0,0,0,0,0 
KUOW Public Radio,2016-07-23,26688,414,5402,3,4,0,0,0,12,0,0 
KUOW Public Radio,2016-07-23,26688,414,5402,3,4,0,0,0,0,0,0 
KUOW Public Radio,2016-07-23,26688,414,5402,7,16,0,0,0,0,0,1 
KUOW Public Radio,2016-07-23,26688,414,5402,7,7,0,0,0,0,0,0 
KUOW Public Radio,2016-07-23,26688,414,5402,11,25,0,0,2,3,0,2 
KUOW Public Radio,2016-07-23,26688,414,5402,2,3,0,0,0,4,0,0 
KUOW Public Radio,2016-07-23,26688,414,5402,9,13,0,0,0,0,0,0 
KUOW Public Radio,2016-07-23,26688,414,5402,1,14,1,0,0,0,0,0 
KUOW Public Radio,2016-07-22,26688,414,5402,3,6,0,0,0,2,0,1